0 0.772052 0.275340 0.062500 0.216440
1 0.713090 0.264381 0.076651 0.243838
2 0.639976 0.256162 0.050708 0.282194
3 0.600472 0.271231 0.047170 0.230139
4 0.564848 0.226049 0.041741 0.309982
5 0.525343 0.227780 0.056649 0.303055
6 0.474210 0.240595 0.044723 0.289201
7 0.427251 0.243193 0.052177 0.284006
8 0.403399 0.283889 0.052177 0.223395
9 0.360987 0.289604 0.058885 0.235517
10 0.318500 0.296531 0.078265 0.249371
11 0.266249 0.297050 0.053667 0.223395
12 0.215191 0.322160 0.058885 0.207809
13 0.203637 0.519579 0.079010 0.183565
14 0.259541 0.527372 0.095408 0.209541
15 0.352266 0.527199 0.044723 0.221663
16 0.390653 0.534126 0.043977 0.270152
17 0.421586 0.541053 0.046213 0.284006
18 0.457364 0.515077 0.038760 0.242444
19 0.483453 0.511613 0.031306 0.238981
20 0.512150 0.505552 0.032051 0.233785
21 0.540474 0.505206 0.039505 0.233785
22 0.575134 0.533780 0.056649 0.280543
23 0.601595 0.525121 0.042487 0.249371
24 0.638491 0.525121 0.046213 0.256298
25 0.686494 0.507977 0.067084 0.237249
26 0.743143 0.493257 0.065593 0.207809
27 0.805009 0.482866 0.064103 0.169711