0 0.700708 0.339801 0.051887 0.164171
1 0.655896 0.375548 0.049528 0.177411
2 0.622288 0.382167 0.029481 0.174763
3 0.592807 0.384815 0.034198 0.180059
4 0.568632 0.388787 0.033019 0.198594
5 0.546816 0.403351 0.038915 0.195946
6 0.522641 0.394083 0.054245 0.203890
7 0.490212 0.392759 0.055425 0.206538
8 0.455425 0.386139 0.033019 0.214482
9 0.436557 0.372900 0.033019 0.198594
10 0.412972 0.368928 0.047170 0.190651
11 0.379953 0.370252 0.042453 0.193299
12 0.343986 0.353040 0.053066 0.180059
13 0.296226 0.343772 0.058962 0.156228
14 0.265566 0.327885 0.035377 0.140340
15 0.723113 0.506620 0.066038 0.211834
16 0.673585 0.542367 0.063679 0.161523
17 0.619929 0.582086 0.034198 0.172115
18 0.588090 0.590029 0.029481 0.166819
19 0.559198 0.580762 0.030660 0.148284
20 0.535024 0.571494 0.024764 0.129748
21 0.516745 0.564874 0.023585 0.137692
22 0.498467 0.571494 0.022406 0.140340
23 0.477241 0.571494 0.031840 0.135044
24 0.451887 0.583410 0.037736 0.142988
25 0.425943 0.582086 0.035377 0.140340
26 0.402358 0.558254 0.047170 0.113861
27 0.368750 0.541043 0.083726 0.142988
28 0.318632 0.511916 0.073113 0.127100
29 0.274410 0.480141 0.057783 0.121805